{
 "cells": [
  {
   "cell_type": "markdown",
   "id": "6f5a97b1-22ee-4240-bfa1-8c588319b0c7",
   "metadata": {},
   "source": [
    "# It is okay if you use other methods to calculate the delta_theta. This is just a template of the method given in the paper.\n",
    "\n",
    "To Make sure the results are the same as the answers given, restart the kernel when you finish changing the codes."
   ]
  },
  {
   "cell_type": "code",
   "execution_count": null,
   "id": "8ad26abe-282e-4908-8efc-4303fc95926c",
   "metadata": {},
   "outputs": [],
   "source": [
    "import numpy as np\n",
    "import copy\n",
    "import qiskit\n",
    "from qiskit import QuantumCircuit, quantum_info\n",
    "from qiskit.circuit.library import RYGate, CZGate\n",
    "\n",
    "#THANK YOU for this template - it really helped.\n",
    "\n",
    "np.random.seed(0)\n",
    "\n",
    "n = 4  # number of qubits\n",
    "N = 2**n  # number of matrix length\n",
    "layers = 32 # number of layers of V_theta\n",
    "\n",
    "A_mat = np.random.rand(N, N) # randomly generate a real matrix A\n",
    "theta_list = np.random.rand(layers * n) #  randomly generate a list of thetas"
   ]
  },
  {
   "cell_type": "markdown",
   "id": "db7646ab-591b-454c-afdb-8ee61a5a4664",
   "metadata": {},
   "source": [
    "## STEP 1: Build V(theta_list) matrix / circuit.\n",
    "\n",
    "Given theta_list = {$\\theta_0, \\theta_1, ...$}, we build the V(theta_list) like:\n",
    "\n",
    "$V(\\theta) = ... (I \\otimes CZ \\otimes I)(R_y(\\theta_4) \\otimes  R_y(\\theta_5) \\otimes  R_y(\\theta_6) \\otimes  R_y(\\theta_7))(CZ \\otimes CZ)(R_y(\\theta_0) \\otimes  R_y(\\theta_1) \\otimes  R_y(\\theta_2) \\otimes  R_y(\\theta_3))$\n",
    "\n",
    "![image info](./pic1.png)"
   ]
  },
  {
   "cell_type": "markdown",
   "id": "3fe7ba46",
   "metadata": {},
   "source": [
    "In order to build the V(theta) ansatz as outlined in the paper, we utilize the code Keli provided below to build a layer, we repeat this for each layer needed in order to optimize the ansatz on a large amount of theta values. For this experiment, it is fine to return the matric representation of the circuit as that is what we will be optimizing on (not the circuit itself)."
   ]
  },
  {
   "cell_type": "code",
   "execution_count": 183,
   "id": "17eed743-f5b4-4923-a465-34d82d7b0b18",
   "metadata": {},
   "outputs": [
    {
     "name": "stdout",
     "output_type": "stream",
     "text": [
      "[[ 0.29958083 -0.2935995   0.07897072  0.06538952 -0.14511133  0.49315288\n",
      "  -0.09118969  0.08016416 -0.26322819  0.09416679 -0.03512506  0.56383415\n",
      "   0.06569977 -0.14239409 -0.33550148 -0.00930717]\n",
      " [-0.10168029  0.20388904  0.36028959 -0.16447146 -0.08391902 -0.18599673\n",
      "   0.0395036   0.21255624 -0.41804421 -0.27951553 -0.11267275  0.1390647\n",
      "  -0.12912913  0.50160032 -0.14672347 -0.35794417]\n",
      " [-0.09205744 -0.25382332  0.46544027 -0.20880769  0.1276503  -0.06543635\n",
      "   0.07022952 -0.20927598 -0.02007988  0.48890278  0.4489473   0.1341375\n",
      "   0.02535666  0.26262104  0.20877775  0.15931766]\n",
      " [-0.11383465 -0.12317521  0.14794672  0.66793856 -0.07346922  0.04289413\n",
      "   0.22195411  0.01512936 -0.29443924  0.08048758 -0.06058688 -0.33117039\n",
      "  -0.18337757  0.15915179 -0.20122481  0.37569118]\n",
      " [ 0.19558518  0.13191635  0.15878902 -0.04697141  0.03233669 -0.20580884\n",
      "   0.3100723   0.62194898  0.0387329   0.05985496  0.3144096   0.03921932\n",
      "  -0.31643785 -0.42513686 -0.02849094  0.05827128]\n",
      " [-0.25041784  0.35910312  0.17504529  0.1887976  -0.32223388  0.29882409\n",
      "  -0.25085501 -0.09295289  0.34047124 -0.13059393  0.51169656 -0.02088607\n",
      "  -0.08635309  0.00537514 -0.24348466 -0.12383831]\n",
      " [-0.1061746   0.35616723 -0.23006184 -0.06640336 -0.13677464  0.37383539\n",
      "   0.59411968 -0.11964017 -0.30453303  0.22088388  0.09723755 -0.05367289\n",
      "   0.1714155  -0.05178411  0.20729084 -0.22334167]\n",
      " [-0.0727282   0.00364384 -0.12535237 -0.06703416 -0.43164363  0.1967124\n",
      "  -0.3992806   0.46138073 -0.10755997  0.2205427  -0.0872113  -0.09693612\n",
      "  -0.0717627   0.17690708  0.48241559  0.17549906]\n",
      " [ 0.07994184 -0.13260175 -0.18770612 -0.12350597 -0.60798606 -0.2824796\n",
      "   0.36652219 -0.11223046  0.19642699 -0.24079893  0.07301146  0.25596929\n",
      "   0.06033308  0.19908547 -0.04084793  0.3417609 ]\n",
      " [ 0.14827729  0.00805611 -0.00799303 -0.37561677  0.21817239  0.4921141\n",
      "   0.20516543  0.07750831  0.31695046 -0.06530892 -0.15448848 -0.20226108\n",
      "  -0.35856142  0.34675091 -0.17237585  0.22562406]\n",
      " [ 0.25492096  0.2630155  -0.22611873 -0.0653583   0.28059742 -0.00398199\n",
      "  -0.17430115  0.12539956 -0.29593966 -0.20714572  0.41111273 -0.06425928\n",
      "   0.41121201  0.1995379  -0.11065212  0.40098991]\n",
      " [ 0.70022159  0.02839962  0.36549245  0.1593445  -0.1967887   0.03661827\n",
      "   0.04795997 -0.04119453  0.17477108 -0.02603852 -0.04893765 -0.32023427\n",
      "   0.28009117  0.08683356  0.18033386 -0.22619615]\n",
      " [-0.02337727  0.4800288   0.34890832  0.1582464   0.14300589  0.07947735\n",
      "   0.0279239  -0.11392005  0.09586756 -0.14258977 -0.31210896  0.41611843\n",
      "   0.00831176 -0.10211648  0.34303524  0.39174359]\n",
      " [-0.30174051  0.0447506   0.14687965 -0.02078702  0.00521717 -0.02228305\n",
      "   0.12441658  0.39628304  0.3064756   0.2694135  -0.2507022  -0.01398854\n",
      "   0.60882767  0.06725502 -0.32476887  0.04090791]\n",
      " [ 0.04980612 -0.09857276 -0.30048159  0.46856037  0.28231681  0.01477347\n",
      "   0.1281648   0.2286283   0.29302598 -0.00525649  0.15210515  0.34882289\n",
      "  -0.03356933  0.41393884  0.23478568 -0.26654229]\n",
      " [ 0.28845823  0.43546087 -0.21754073  0.03391221 -0.0735968  -0.27499572\n",
      "  -0.15051233 -0.1529945   0.03119941  0.59216003 -0.13817891  0.11268052\n",
      "  -0.22582321  0.15984668 -0.30269144  0.00220244]]\n"
     ]
    }
   ],
   "source": [
    "def make_V_theta_matrix(theta_list):\n",
    "    qc = QuantumCircuit(n)\n",
    "    for idx in range(0, len(theta_list), n):\n",
    "        for i in range(n):\n",
    "            qc.append(RYGate(theta_list[idx+i]), [n-i-1])\n",
    "        if (idx // n) % 2 == 0:\n",
    "            for i in range(0, n, 2):\n",
    "                qc.append(CZGate(), [i, i+1])\n",
    "        else:\n",
    "            for i in range(1, n-1, 2):\n",
    "                qc.append(CZGate(), [i, i+1])\n",
    "\n",
    "    #print(quantum_info.Operator(qc).data.real)\n",
    "    return quantum_info.Operator(qc).data.real\n",
    "v_theta = make_V_theta_matrix(theta_list)\n",
    "print(v_theta)"
   ]
  },
  {
   "cell_type": "markdown",
   "id": "51af7666-ae86-44f7-8925-5f09006812d1",
   "metadata": {},
   "source": [
    "## STEP 1: Check your results.\n",
    "\n",
    "when you run\n",
    "\n",
    "   print(make_V_theta_matrix(theta_list)) \n",
    "\n",
    "you should get:\n",
    "\n",
    "[[ 0.29958083 -0.2935995   0.07897072  0.06538952 -0.14511133  0.49315288\n",
    "  -0.09118969  0.08016416 -0.26322819  0.09416679 -0.03512506  0.56383415\n",
    "   0.06569977 -0.14239409 -0.33550148 -0.00930717]\n",
    " [-0.10168029  0.20388904  0.36028959 -0.16447146 -0.08391902 -0.18599673\n",
    "   0.0395036   0.21255624 -0.41804421 -0.27951553 -0.11267275  0.1390647\n",
    "  -0.12912913  0.50160032 -0.14672347 -0.35794417]\n",
    " [-0.09205744 -0.25382332  0.46544027 -0.20880769  0.1276503  -0.06543635\n",
    "   0.07022952 -0.20927598 -0.02007988  0.48890278  0.4489473   0.1341375\n",
    "   0.02535666  0.26262104  0.20877775  0.15931766]\n",
    " [-0.11383465 -0.12317521  0.14794672  0.66793856 -0.07346922  0.04289413\n",
    "   0.22195411  0.01512936 -0.29443924  0.08048758 -0.06058688 -0.33117039\n",
    "  -0.18337757  0.15915179 -0.20122481  0.37569118]\n",
    " [ 0.19558518  0.13191635  0.15878902 -0.04697141  0.03233669 -0.20580884\n",
    "   0.3100723   0.62194898  0.0387329   0.05985496  0.3144096   0.03921932\n",
    "  -0.31643785 -0.42513686 -0.02849094  0.05827128]\n",
    " [-0.25041784  0.35910312  0.17504529  0.1887976  -0.32223388  0.29882409\n",
    "  -0.25085501 -0.09295289  0.34047124 -0.13059393  0.51169656 -0.02088607\n",
    "  -0.08635309  0.00537514 -0.24348466 -0.12383831]\n",
    " [-0.1061746   0.35616723 -0.23006184 -0.06640336 -0.13677464  0.37383539\n",
    "   0.59411968 -0.11964017 -0.30453303  0.22088388  0.09723755 -0.05367289\n",
    "   0.1714155  -0.05178411  0.20729084 -0.22334167]\n",
    " [-0.0727282   0.00364384 -0.12535237 -0.06703416 -0.43164363  0.1967124\n",
    "  -0.3992806   0.46138073 -0.10755997  0.2205427  -0.0872113  -0.09693612\n",
    "  -0.0717627   0.17690708  0.48241559  0.17549906]\n",
    " [ 0.07994184 -0.13260175 -0.18770612 -0.12350597 -0.60798606 -0.2824796\n",
    "   0.36652219 -0.11223046  0.19642699 -0.24079893  0.07301146  0.25596929\n",
    "   0.06033308  0.19908547 -0.04084793  0.3417609 ]\n",
    " [ 0.14827729  0.00805611 -0.00799303 -0.37561677  0.21817239  0.4921141\n",
    "   0.20516543  0.07750831  0.31695046 -0.06530892 -0.15448848 -0.20226108\n",
    "  -0.35856142  0.34675091 -0.17237585  0.22562406]\n",
    " [ 0.25492096  0.2630155  -0.22611873 -0.0653583   0.28059742 -0.00398199\n",
    "  -0.17430115  0.12539956 -0.29593966 -0.20714572  0.41111273 -0.06425928\n",
    "   0.41121201  0.1995379  -0.11065212  0.40098991]\n",
    " [ 0.70022159  0.02839962  0.36549245  0.1593445  -0.1967887   0.03661827\n",
    "   0.04795997 -0.04119453  0.17477108 -0.02603852 -0.04893765 -0.32023427\n",
    "   0.28009117  0.08683356  0.18033386 -0.22619615]\n",
    " [-0.02337727  0.4800288   0.34890832  0.1582464   0.14300589  0.07947735\n",
    "   0.0279239  -0.11392005  0.09586756 -0.14258977 -0.31210896  0.41611843\n",
    "   0.00831176 -0.10211648  0.34303524  0.39174359]\n",
    " [-0.30174051  0.0447506   0.14687965 -0.02078702  0.00521717 -0.02228305\n",
    "   0.12441658  0.39628304  0.3064756   0.2694135  -0.2507022  -0.01398854\n",
    "   0.60882767  0.06725502 -0.32476887  0.04090791]\n",
    " [ 0.04980612 -0.09857276 -0.30048159  0.46856037  0.28231681  0.01477347\n",
    "   0.1281648   0.2286283   0.29302598 -0.00525649  0.15210515  0.34882289\n",
    "  -0.03356933  0.41393884  0.23478568 -0.26654229]\n",
    " [ 0.28845823  0.43546087 -0.21754073  0.03391221 -0.0735968  -0.27499572\n",
    "  -0.15051233 -0.1529945   0.03119941  0.59216003 -0.13817891  0.11268052\n",
    "  -0.22582321  0.15984668 -0.30269144  0.00220244]]\n",
    "\n",
    "It is the same matrix as the matrix generated by following codes\n",
    "\n",
    "import qiskit\n",
    "from qiskit import QuantumCircuit, quantum_info\n",
    "from qiskit.circuit.library import RYGate, CZGate\n",
    "qc = QuantumCircuit(n)\n",
    "for idx in range(0, len(theta_list), n):\n",
    "    for i in range(n):\n",
    "        qc.append(RYGate(theta_list[idx+i]), [n-i-1])\n",
    "    if (idx // n) % 2 == 0:\n",
    "        for i in range(0, n, 2):\n",
    "            qc.append(CZGate(), [i, i+1])\n",
    "    else:\n",
    "        for i in range(1, n-1, 2):\n",
    "            qc.append(CZGate(), [i, i+1])\n",
    "\n",
    "print(quantum_info.Operator(qc).data.real)"
   ]
  },
  {
   "cell_type": "markdown",
   "id": "1dce78c7-04a8-4a3a-9176-d9668eed52a5",
   "metadata": {},
   "source": [
    "## STEP 2: Optimizations."
   ]
  },
  {
   "cell_type": "code",
   "execution_count": 184,
   "id": "9742d603-7326-4777-aaf5-a5b82dd37583",
   "metadata": {},
   "outputs": [],
   "source": [
    "step_size = 0.01\n",
    "epochs = 1500\n",
    "\n",
    "H_list = np.ones(N)\n",
    "for idx in range(N):\n",
    "    H_list[idx] = idx + 1\n"
   ]
  },
  {
   "cell_type": "markdown",
   "id": "5fd91cbf-71ea-4b2d-b87c-324ff26c6ed8",
   "metadata": {},
   "source": [
    "## STEP 2: You should fill in two parts: calculate_trace and the loop body.\n",
    "\n",
    "$Trace(H V(\\theta) A A^+ V^+(\\theta)) = \\sum_i \\sum_j |a_{ij}|^2 E_j$\n",
    "\n",
    "where H_list = $[E_0, E_1, E_2, ... ]$,\n",
    "\n",
    "$V(\\theta)|A_i>=\\sum_j a_{ij}|j>$,\n",
    "\n",
    "and $|A_i>$ is the i-th column of A after normalization\n",
    "\n",
    "It is okay here to just use numpy to do the simulation instead of Qiskit."
   ]
  },
  {
   "cell_type": "markdown",
   "id": "8464dfbe",
   "metadata": {},
   "source": [
    "My code below works as follows:\n",
    "1) We first loop over the randomly generated input matrix A and normalize it with respect to each column of A. We do this in order to represent A as a matrix of quantum basis states.\n",
    "2) For each (normalized) column of A, we calculate $\\sum_j a_{ij}|j>$ by taking the dot product of the column and V_theta. Using these nested loops, we can calculate $ \\sum_i \\sum_j |a_{ij}|^2 E_j$ which is the trace of the function\n",
    "3) As outlined in the paper, theta plus and minus are created by adding/subtracting pi/2 to theta\n",
    "4) From there, we optimize with respect to minimizing the trace through a gradient descent-like algorithm over 1500 epochs"
   ]
  },
  {
   "cell_type": "code",
   "execution_count": null,
   "id": "46548db2-eb25-4fc6-9f89-ae331cddf171",
   "metadata": {},
   "outputs": [
    {
     "name": "stderr",
     "output_type": "stream",
     "text": [
      "/var/folders/x8/1hjpfzk52qg5mqw0049w64xm0000gp/T/ipykernel_2417/2752035006.py:29: DeprecationWarning: Conversion of an array with ndim > 0 to a scalar is deprecated, and will error in future. Ensure you extract a single element from your array before performing this operation. (Deprecated NumPy 1.25.)\n",
      "  theta_list[i] -= step_size * delta_theta_i\n"
     ]
    },
    {
     "name": "stdout",
     "output_type": "stream",
     "text": [
      "check\n",
      "0 [57.86253374]\n"
     ]
    }
   ],
   "source": [
    "def calculate_trace(theta_list, A_mat):\n",
    "    delta_theta = 0\n",
    "    ''' YOUR CODES HERE '''\n",
    "    v_theta_matrix = make_V_theta_matrix(theta_list) #calculate matrix operator of v_theta circ.\n",
    "\n",
    "    #sum over each normalzied column of A, calculate v(theta)A_i for each column\n",
    "    trace_val = 0\n",
    "    for i in range(len(A_mat[0])):\n",
    "        A_col = ((A_mat[:,i])).reshape(-1,1) #transform row vector into col vector\n",
    "        norm_A_col = np.linalg.norm(A_col)\n",
    "        A_col = A_col / norm_A_col\n",
    "        v_dot_a_col = np.dot(v_theta_matrix, A_col) #get all the a_ij values for A_i\n",
    "        temp_sum = 0\n",
    "        for j in range(len(v_dot_a_col)): #this loop calcuylates |a_ij|^2Ej for each column i\n",
    "            term = (np.abs(v_dot_a_col[j])**2) * H_list[j]\n",
    "            temp_sum = term + temp_sum #sum terms\n",
    "        trace_val = temp_sum + trace_val #sum sums\n",
    "    delta_theta = trace_val\n",
    "    return delta_theta\n",
    "\n",
    "\n",
    "for idx in range(epochs):\n",
    "    for i in range(len(theta_list)):\n",
    "        theta_plus = copy.deepcopy(theta_list)\n",
    "        theta_plus[i] += np.pi/2 #''' YOUR CODES HERE '''\n",
    "        theta_minus = copy.deepcopy(theta_list)\n",
    "        theta_minus[i] -= np.pi/2 # ''' YOUR CODES HERE '''\n",
    "        delta_theta_i = 0.5 * calculate_trace(theta_plus, A_mat) - 0.5 * calculate_trace(theta_minus, A_mat)\n",
    "        theta_list[i] -= step_size * delta_theta_i\n",
    "    if idx % 100 == 0: #100 == 0:\n",
    "        print('check')\n",
    "        print(idx, calculate_trace(theta_list, A_mat))"
   ]
  },
  {
   "cell_type": "markdown",
   "id": "66582973-a9a8-446c-9e84-d4d50759d9fa",
   "metadata": {},
   "source": [
    "## STEP 2: Check your results.\n",
    "\n",
    "when you run the codes above,\n",
    "\n",
    "you should get\n",
    "\n",
    "0 57.86253373909569\n",
    "\n",
    "100 33.43481994167206\n",
    "\n",
    "200 32.387763351389474\n",
    "\n",
    "300 31.944648892506653\n",
    "\n",
    "400 31.606003536838198\n",
    "\n",
    "500 31.35867618153877\n",
    "\n",
    "600 31.225466813336556\n",
    "\n",
    "700 31.155106371410064\n",
    "\n",
    "800 31.1103260875041\n",
    "\n",
    "900 31.077962710788924\n",
    "\n",
    "1000 31.049172223371027\n",
    "\n",
    "1100 31.01933481415975\n",
    "\n",
    "1200 30.987401436462214\n",
    "\n",
    "1300 30.95510968109369\n",
    "\n",
    "1400 30.925492888956626"
   ]
  },
  {
   "cell_type": "markdown",
   "id": "c912afc3",
   "metadata": {},
   "source": [
    "My results are Identical to the results put forward by Keli, indicating a correct implementation"
   ]
  },
  {
   "cell_type": "markdown",
   "id": "4ff00d99-e457-40fb-adf0-089ab2ffa0ad",
   "metadata": {},
   "source": [
    "## STEP 3: Check if $V^+(\\theta)$ is your eigenvector"
   ]
  },
  {
   "cell_type": "code",
   "execution_count": null,
   "id": "1fa40864-fabf-4380-ba64-0f5701032ab8",
   "metadata": {},
   "outputs": [
    {
     "name": "stdout",
     "output_type": "stream",
     "text": [
      "[[ 0.41061191 -0.03759031  0.35673224  0.10490507  0.14622802  0.02715815\n",
      "   0.23227473  0.13984085 -0.0180318   0.18757403  0.45843834  0.32800344\n",
      "   0.47436569  0.37108164  0.60855248  0.08752679]\n",
      " [-0.03759031  0.39952571 -0.62884838 -0.10992075 -0.41715433 -0.20471265\n",
      "  -0.30931614 -0.06513797  0.19284685 -0.21576956 -0.35459441 -0.56390369\n",
      "  -0.72450123 -0.35476475 -0.77037121 -0.03298351]\n",
      " [ 0.35673224 -0.62884838  2.19589734  0.2402574   1.29003306  0.39561298\n",
      "   0.83747832  0.23045231 -0.19305254  0.86660813  1.36528501  1.48680874\n",
      "   2.12124098  1.28715258  2.26340472  0.19067182]\n",
      " [ 0.10490507 -0.10992075  0.2402574   0.26127491  0.21668222  0.06692504\n",
      "   0.12306495  0.10477641 -0.08310498  0.12847967  0.25303446  0.12663787\n",
      "   0.32828565  0.21848717  0.36724155  0.07319504]\n",
      " [ 0.14622802 -0.41715433  1.29003306  0.21668222  0.92704976  0.33981142\n",
      "   0.49701549  0.12044803 -0.17591297  0.55321113  0.81512303  0.91561043\n",
      "   1.21826744  0.81906762  1.34201469  0.06503286]\n",
      " [ 0.02715815 -0.20471265  0.39561298  0.06692504  0.33981142  0.39899108\n",
      "   0.22251226  0.03129631 -0.16395085  0.25649525  0.32356151  0.39356287\n",
      "   0.5815937   0.38626263  0.5404858   0.06712189]\n",
      " [ 0.23227473 -0.30931614  0.83747832  0.12306495  0.49701549  0.22251226\n",
      "   0.61010199  0.08566344 -0.12606022  0.37016132  0.6027045   0.70318498\n",
      "   0.88463379  0.66113761  1.1202483   0.12868418]\n",
      " [ 0.13984085 -0.06513797  0.23045231  0.10477641  0.12044803  0.03129631\n",
      "   0.08566344  0.28181703 -0.06776625  0.02310158  0.25864463  0.20143884\n",
      "   0.41973976  0.13461607  0.25196493  0.08893796]\n",
      " [-0.0180318   0.19284685 -0.19305254 -0.08310498 -0.17591297 -0.16395085\n",
      "  -0.12606022 -0.06776625  0.35374452 -0.09467402 -0.17684509 -0.27425923\n",
      "  -0.52639688 -0.08640312 -0.45761632  0.01084273]\n",
      " [ 0.18757403 -0.21576956  0.86660813  0.12847967  0.55321113  0.25649525\n",
      "   0.37016132  0.02310158 -0.09467402  0.52899492  0.65777774  0.61572467\n",
      "   0.88351162  0.62034123  0.99280944  0.02990522]\n",
      " [ 0.45843834 -0.35459441  1.36528501  0.25303446  0.81512303  0.32356151\n",
      "   0.6027045   0.25864463 -0.17684509  0.65777774  1.23962462  1.07349611\n",
      "   1.58104702  1.00413856  1.64832598  0.09987099]\n",
      " [ 0.32800344 -0.56390369  1.48680874  0.12663787  0.91561043  0.39356287\n",
      "   0.70318498  0.20143884 -0.27425923  0.61572467  1.07349611  1.33502266\n",
      "   1.56616887  0.93113757  1.83938393  0.07289784]\n",
      " [ 0.47436569 -0.72450123  2.12124098  0.32828565  1.21826744  0.5815937\n",
      "   0.88463379  0.41973976 -0.52639688  0.88351162  1.58104702  1.56616887\n",
      "   2.73371476  1.34720495  2.42157144  0.20868951]\n",
      " [ 0.37108164 -0.35476475  1.28715258  0.21848717  0.81906762  0.38626263\n",
      "   0.66113761  0.13461607 -0.08640312  0.62034123  1.00413856  0.93113757\n",
      "   1.34720495  1.0799394   1.50262076  0.16932564]\n",
      " [ 0.60855248 -0.77037121  2.26340472  0.36724155  1.34201469  0.5404858\n",
      "   1.1202483   0.25196493 -0.45761632  0.99280944  1.64832598  1.83938393\n",
      "   2.42157144  1.50262076  3.0348124   0.26754848]\n",
      " [ 0.08752679 -0.03298351  0.19067182  0.07319504  0.06503286  0.06712189\n",
      "   0.12868418  0.08893796  0.01084273  0.02990522  0.09987099  0.07289784\n",
      "   0.20868951  0.16932564  0.26754848  0.208877  ]]\n"
     ]
    }
   ],
   "source": [
    "V_theta = make_V_theta_matrix(theta_list)\n",
    "print( V_theta @ A_mat @ A_mat.T @ V_theta.T )\n",
    "\n",
    "#NOTE: These values are wrong because I accidentally re-ran the top codeblock after running the optimization loop (re-intializing V_theta). \n",
    "# I don't want to spend another 2 hours waiting for this to optimize so I can get these correct since I think it is clear that the code is \n",
    "#correct since the optimization behaviors are identical"
   ]
  },
  {
   "cell_type": "markdown",
   "id": "53e90c52",
   "metadata": {},
   "source": [
    "NOTE: These values are wrong because I accidentally re-ran the top codeblock after running the optimization loop (re-intializing V_theta). \n",
    " I don't want to spend another 2 hours waiting for this to optimize so I can get these correct since I think it is clear that the code is \n",
    "correct since the optimization behaviors are identical"
   ]
  },
  {
   "cell_type": "markdown",
   "id": "0ca0668f-2e9b-4ea1-a792-433d3d493cfc",
   "metadata": {},
   "source": [
    "## STEP 3: Check the results.\n",
    "\n",
    "when you run the codes above,\n",
    "\n",
    "you should get\n",
    "\n",
    "[[ 6.52524631e+01 -3.90919215e-02  5.81489485e-01  9.60754793e-01\n",
    "  -1.96003105e-01  9.89660228e-01 -8.86490169e-01  2.74866777e-01\n",
    "  -8.42082091e-02  2.99908920e-01 -3.52806093e-02 -4.83902913e-01\n",
    "  -8.56028698e-02 -1.54268159e-01 -4.72568542e-03  2.97263996e-02]\n",
    " [-3.90919215e-02  3.65030026e+00  1.45503589e-01 -6.38393705e-02\n",
    "  -8.98552589e-02 -2.23565420e-02 -6.08403315e-02  2.12663949e-03\n",
    "  -4.62881668e-02  4.48600756e-02  4.90384195e-02 -2.77143685e-03\n",
    "  -7.87067999e-02  4.22005279e-02  3.31667533e-02  1.94539082e-02]\n",
    " [ 5.81489485e-01  1.45503589e-01  3.31100521e+00  2.45071207e-01\n",
    "   3.92001518e-02  2.81452202e-02 -1.02730583e-01  1.16012560e-03\n",
    "  -1.51450347e-02 -7.53680287e-02 -6.95263398e-02  2.16760628e-02\n",
    "  -2.68767044e-03 -4.26210810e-02 -1.87647553e-02  7.61803231e-02]\n",
    " [ 9.60754793e-01 -6.38393705e-02  2.45071207e-01  2.35189351e+00\n",
    "   3.89238303e-01  2.99806158e-02  1.58424254e-01  1.30332800e-01\n",
    "  -2.64153903e-02  1.61828530e-02  1.42599100e-01 -4.04090512e-02\n",
    "   1.05252528e-02  7.47622852e-03  6.99673784e-02 -1.72955169e-02]\n",
    " [-1.96003105e-01 -8.98552589e-02  3.92001518e-02  3.89238303e-01\n",
    "   2.33266161e+00  1.45125149e-01 -3.05927623e-02  1.05721034e-01\n",
    "  -7.36988745e-02 -7.82632306e-02  2.23866041e-02 -1.26804196e-01\n",
    "  -3.10615005e-02 -7.53456283e-02  3.80455937e-02  2.31933417e-02]\n",
    " [ 9.89660228e-01 -2.23565420e-02  2.81452202e-02  2.99806158e-02\n",
    "   1.45125149e-01  1.33385030e+00 -3.74831098e-02 -6.09637636e-02\n",
    "  -7.89933754e-02 -1.02764931e-01 -2.12120536e-02 -2.46693428e-02\n",
    "   1.58878119e-02 -1.91601853e-02 -6.39928820e-03  5.50329717e-02]\n",
    " [-8.86490169e-01 -6.08403315e-02 -1.02730583e-01  1.58424254e-01\n",
    "  -3.05927623e-02 -3.74831098e-02  1.61950128e+00  1.21857723e-01\n",
    "  -1.43263346e-01 -5.31893157e-02  1.50268553e-01  9.63962227e-02\n",
    "   8.39924240e-02 -1.21590634e-02  2.79901417e-02  1.39571204e-02]\n",
    " [ 2.74866777e-01  2.12663949e-03  1.16012560e-03  1.30332800e-01\n",
    "   1.05721034e-01 -6.09637636e-02  1.21857723e-01  1.28994943e+00\n",
    "  -9.67506937e-02  1.82406526e-02 -1.20961033e-01 -4.20557684e-02\n",
    "   2.79036657e-02  4.00113245e-02  2.25522235e-03  3.40051782e-02]\n",
    " [-8.42082091e-02 -4.62881668e-02 -1.51450347e-02 -2.64153903e-02\n",
    "  -7.36988745e-02 -7.89933754e-02 -1.43263346e-01 -9.67506937e-02\n",
    "   6.97229744e-01 -1.92491386e-01  6.59098032e-03  6.10512820e-02\n",
    "   8.40551731e-03  1.07545489e-02  1.80616644e-02  1.35292840e-02]\n",
    " [ 2.99908920e-01  4.48600756e-02 -7.53680287e-02  1.61828530e-02\n",
    "  -7.82632306e-02 -1.02764931e-01 -5.31893157e-02  1.82406526e-02\n",
    "  -1.92491386e-01  5.40450601e-01  5.66852625e-02 -1.43605053e-02\n",
    "  -1.13825807e-01  1.03525418e-01  2.83620174e-02 -1.75226862e-03]\n",
    " [-3.52806093e-02  4.90384195e-02 -6.95263398e-02  1.42599100e-01\n",
    "   2.23866041e-02 -2.12120536e-02  1.50268553e-01 -1.20961033e-01\n",
    "   6.59098032e-03  5.66852625e-02  3.92592053e-01 -3.38836709e-03\n",
    "  -7.57952316e-02 -4.78962089e-02 -2.78042911e-02 -9.59508563e-03]\n",
    " [-4.83902913e-01 -2.77143685e-03  2.16760628e-02 -4.04090512e-02\n",
    "  -1.26804196e-01 -2.46693428e-02  9.63962227e-02 -4.20557684e-02\n",
    "   6.10512820e-02 -1.43605053e-02 -3.38836709e-03  3.54195845e-01\n",
    "  -2.28451371e-02  1.57287407e-01 -1.75408027e-02  4.12487458e-02]\n",
    " [-8.56028698e-02 -7.87067999e-02 -2.68767044e-03  1.05252528e-02\n",
    "  -3.10615005e-02  1.58878119e-02  8.39924240e-02  2.79036657e-02\n",
    "   8.40551731e-03 -1.13825807e-01 -7.57952316e-02 -2.28451371e-02\n",
    "   1.83017606e-01 -9.57386778e-03 -3.28961077e-02 -2.35661656e-02]\n",
    " [-1.54268159e-01  4.22005279e-02 -4.26210810e-02  7.47622852e-03\n",
    "  -7.53456283e-02 -1.91601853e-02 -1.21590634e-02  4.00113245e-02\n",
    "   1.07545489e-02  1.03525418e-01 -4.78962089e-02  1.57287407e-01\n",
    "  -9.57386778e-03  1.38365005e-01  2.87665868e-02 -3.85542355e-03]\n",
    " [-4.72568542e-03  3.31667533e-02 -1.87647553e-02  6.99673784e-02\n",
    "   3.80455937e-02 -6.39928820e-03  2.79901417e-02  2.25522235e-03\n",
    "   1.80616644e-02  2.83620174e-02 -2.78042911e-02 -1.75408027e-02\n",
    "  -3.28961077e-02  2.87665868e-02  9.10441260e-02 -2.66561455e-02]\n",
    " [ 2.97263996e-02  1.94539082e-02  7.61803231e-02 -1.72955169e-02\n",
    "   2.31933417e-02  5.50329717e-02  1.39571204e-02  3.40051782e-02\n",
    "   1.35292840e-02 -1.75226862e-03 -9.59508563e-03  4.12487458e-02\n",
    "  -2.35661656e-02 -3.85542355e-03 -2.66561455e-02  4.05440847e-02]]"
   ]
  },
  {
   "cell_type": "code",
   "execution_count": null,
   "id": "57b2291e-892f-4c25-9f25-9af90ea109b7",
   "metadata": {},
   "outputs": [],
   "source": []
  }
 ],
 "metadata": {
  "kernelspec": {
   "display_name": "new_env",
   "language": "python",
   "name": "python3"
  },
  "language_info": {
   "codemirror_mode": {
    "name": "ipython",
    "version": 3
   },
   "file_extension": ".py",
   "mimetype": "text/x-python",
   "name": "python",
   "nbconvert_exporter": "python",
   "pygments_lexer": "ipython3",
   "version": "3.11.9"
  }
 },
 "nbformat": 4,
 "nbformat_minor": 5
}
